 0.90 0.000E+00 1.00 1.000 1	5816.81396 8.91610456E-04
 0.90 0.000E+00 1.00 10.000 1	4703.43066 8.91610456E-04
 0.90 0.000E+00 1.00 2.125 1	5780.93701 8.91610456E-04
 0.90 0.000E+00 1.00 3.250 1	5697.77246 8.91610456E-04
 0.90 0.000E+00 1.00 4.375 1	5551.44971 8.91610456E-04
 0.90 0.000E+00 1.00 5.500 1	5376.81396 8.91610456E-04
 0.90 0.000E+00 1.00 6.625 1	5205.39795 8.91610456E-04
 0.90 0.000E+00 1.00 7.750 1	5024.70947 8.91610456E-04
 0.90 0.000E+00 1.00 8.875 1	4858.89062 8.91610456E-04
 0.90 0.000E+00 11.50 1.000 1	809.512085 1.09205496
 0.90 0.000E+00 11.50 10.000 1	60.3099709 2.26448560
 0.90 0.000E+00 11.50 2.125 1	413.663391 1.88707125
 0.90 0.000E+00 11.50 3.250 1	283.000854 1.31046605
 0.90 0.000E+00 11.50 4.375 1	207.604111 1.88707125
 0.90 0.000E+00 11.50 5.500 1	153.458313 1.31046605
 0.90 0.000E+00 11.50 6.625 1	121.285698 1.88707125
 0.90 0.000E+00 11.50 7.750 1	96.4859314 1.88707125
 0.90 0.000E+00 11.50 8.875 1	75.3502502 1.88707125
 0.90 0.000E+00 13.25 1.000 1	609.103271 1.88707125
 0.90 0.000E+00 13.25 10.000 1	36.5097351 3.26085973
 0.90 0.000E+00 13.25 2.125 1	303.606049 1.31046605
 0.90 0.000E+00 13.25 3.250 1	196.170166 1.57255936
 0.90 0.000E+00 13.25 4.375 1	132.260330 1.57255936
 0.90 0.000E+00 13.25 5.500 1	95.8989410 1.88707125
 0.90 0.000E+00 13.25 6.625 1	69.0043945 1.57255936
 0.90 0.000E+00 13.25 7.750 1	49.8527374 2.26448560
 0.90 0.000E+00 13.25 8.875 1	39.7518845 2.71738291
 0.90 0.000E+00 15.00 1.000 1	462.143921 1.88707125
 0.90 0.000E+00 15.00 10.000 1	46.3647079 3.26085973
 0.90 0.000E+00 15.00 2.125 1	223.192947 1.31046605
 0.90 0.000E+00 15.00 3.250 1	129.855652 1.88707125
 0.90 0.000E+00 15.00 4.375 1	83.0668640 1.57255936
 0.90 0.000E+00 15.00 5.500 1	55.0928535 1.88707125
 0.90 0.000E+00 15.00 6.625 1	39.1926422 2.26448560
 0.90 0.000E+00 15.00 7.750 1	36.9765320 3.26085973
 0.90 0.000E+00 15.00 8.875 1	39.5924110 3.91303182
 0.90 0.000E+00 2.75 1.000 1	5309.48291 8.91610456E-04
 0.90 0.000E+00 2.75 10.000 1	1579.41663 0.758371413
 0.90 0.000E+00 2.75 2.125 1	4350.23682 8.91610456E-04
 0.90 0.000E+00 2.75 3.250 1	2742.06714 0.758371413
 0.90 0.000E+00 2.75 4.375 1	2443.96680 0.910045743
 0.90 0.000E+00 2.75 5.500 1	2231.18921 0.304772407
 0.90 0.000E+00 2.75 6.625 1	2064.18457 1.31046605
 0.90 0.000E+00 2.75 7.750 1	1890.08923 1.09205496
 0.90 0.000E+00 2.75 8.875 1	1733.15662 1.31046605
 0.90 0.000E+00 4.50 1.000 1	4087.47681 8.91610456E-04
 0.90 0.000E+00 4.50 10.000 1	687.065918 1.09205496
 0.90 0.000E+00 4.50 2.125 1	2198.73438 1.09205496
 0.90 0.000E+00 4.50 3.250 1	1707.72229 0.910045743
 0.90 0.000E+00 4.50 4.375 1	1339.35693 0.910045743
 0.90 0.000E+00 4.50 5.500 1	1089.38928 0.910045743
 0.90 0.000E+00 4.50 6.625 1	952.381409 0.758371413
 0.90 0.000E+00 4.50 7.750 1	857.583557 1.57255936
 0.90 0.000E+00 4.50 8.875 1	774.984070 1.88707125
 0.90 0.000E+00 6.25 1.000 1	2245.77734 0.910045743
 0.90 0.000E+00 6.25 10.000 1	364.674225 1.88707125
 0.90 0.000E+00 6.25 2.125 1	1351.82446 0.304772407
 0.90 0.000E+00 6.25 3.250 1	936.916382 0.438872278
 0.90 0.000E+00 6.25 4.375 1	754.654358 0.438872278
 0.90 0.000E+00 6.25 5.500 1	606.327820 1.31046605
 0.90 0.000E+00 6.25 6.625 1	517.770630 0.910045743
 0.90 0.000E+00 6.25 7.750 1	461.837677 1.09205496
 0.90 0.000E+00 6.25 8.875 1	416.398438 1.31046605
 0.90 0.000E+00 8.00 1.000 1	1636.58862 0.253977001
 0.90 0.000E+00 8.00 10.000 1	219.604385 1.88707125
 0.90 0.000E+00 8.00 2.125 1	851.329651 0.910045743
 0.90 0.000E+00 8.00 3.250 1	589.399109 1.57255936
 0.90 0.000E+00 8.00 4.375 1	464.197052 1.57255936
 0.90 0.000E+00 8.00 5.500 1	374.178650 1.31046605
 0.90 0.000E+00 8.00 6.625 1	322.265472 1.31046605
 0.90 0.000E+00 8.00 7.750 1	284.320923 1.09205496
 0.90 0.000E+00 8.00 8.875 1	249.723724 0.910045743
 0.90 0.000E+00 9.75 1.000 1	1105.82007 1.09205496
 0.90 0.000E+00 9.75 10.000 1	117.516579 1.88707125
 0.90 0.000E+00 9.75 2.125 1	572.878784 0.365726888
 0.90 0.000E+00 9.75 3.250 1	401.787628 1.09205496
 0.90 0.000E+00 9.75 4.375 1	307.779266 1.57255936
 0.90 0.000E+00 9.75 5.500 1	249.202728 1.57255936
 0.90 0.000E+00 9.75 6.625 1	203.355759 1.57255936
 0.90 0.000E+00 9.75 7.750 1	167.522888 1.57255936
 0.90 0.000E+00 9.75 8.875 1	139.803131 1.57255936
 0.90 0.112E+07 1.00 1.000 1	69.4110336 1.31046605
 0.90 0.112E+07 1.00 10.000 1	74.7228317 1.09205496
 0.90 0.112E+07 1.00 2.125 1	75.2620773 1.57255936
 0.90 0.112E+07 1.00 3.250 1	74.7997208 1.88707125
 0.90 0.112E+07 1.00 4.375 1	76.2442551 1.09205496
 0.90 0.112E+07 1.00 5.500 1	74.4418945 1.57255936
 0.90 0.112E+07 1.00 6.625 1	77.8640442 1.57255936
 0.90 0.112E+07 1.00 7.750 1	77.4026566 1.57255936
 0.90 0.112E+07 1.00 8.875 1	76.1905212 1.57255936
 0.90 0.112E+07 11.50 1.000 1	65.0045700 3.26085973
 0.90 0.112E+07 11.50 10.000 1	82.3824234 1.88707125
 0.90 0.112E+07 11.50 2.125 1	57.7719154 2.71738291
 0.90 0.112E+07 11.50 3.250 1	51.1731606 1.88707125
 0.90 0.112E+07 11.50 4.375 1	53.9547272 1.88707125
 0.90 0.112E+07 11.50 5.500 1	55.4182053 1.57255936
 0.90 0.112E+07 11.50 6.625 1	60.8156967 1.88707125
 0.90 0.112E+07 11.50 7.750 1	67.2156982 1.88707125
 0.90 0.112E+07 11.50 8.875 1	75.2126541 1.88707125
 0.90 0.112E+07 13.25 1.000 1	64.3933029 2.26448560
 0.90 0.112E+07 13.25 10.000 1	124.077232 2.26448560
 0.90 0.112E+07 13.25 2.125 1	52.6355591 1.88707125
 0.90 0.112E+07 13.25 3.250 1	54.3476715 1.88707125
 0.90 0.112E+07 13.25 4.375 1	58.1757927 1.57255936
 0.90 0.112E+07 13.25 5.500 1	66.6086807 1.57255936
 0.90 0.112E+07 13.25 6.625 1	78.2770996 1.57255936
 0.90 0.112E+07 13.25 7.750 1	92.1090851 1.57255936
 0.90 0.112E+07 13.25 8.875 1	106.751991 2.71738291
 0.90 0.112E+07 15.00 1.000 1	58.5427399 2.71738291
 0.90 0.112E+07 15.00 10.000 1	182.688400 1.31046605
 0.90 0.112E+07 15.00 2.125 1	52.7158928 1.57255936
 0.90 0.112E+07 15.00 3.250 1	58.2921333 1.88707125
 0.90 0.112E+07 15.00 4.375 1	70.1246033 1.88707125
 0.90 0.112E+07 15.00 5.500 1	88.3473206 1.88707125
 0.90 0.112E+07 15.00 6.625 1	108.293434 2.71738291
 0.90 0.112E+07 15.00 7.750 1	130.855103 1.88707125
 0.90 0.112E+07 15.00 8.875 1	154.719177 1.88707125
 0.90 0.112E+07 2.75 1.000 1	76.3666611 1.57255936
 0.90 0.112E+07 2.75 10.000 1	68.2348404 1.57255936
 0.90 0.112E+07 2.75 2.125 1	74.7888489 1.88707125
 0.90 0.112E+07 2.75 3.250 1	75.3273773 2.26448560
 0.90 0.112E+07 2.75 4.375 1	72.9942322 1.88707125
 0.90 0.112E+07 2.75 5.500 1	67.6346970 1.57255936
 0.90 0.112E+07 2.75 6.625 1	67.9849548 1.31046605
 0.90 0.112E+07 2.75 7.750 1	68.7193604 1.88707125
 0.90 0.112E+07 2.75 8.875 1	66.6932297 1.57255936
 0.90 0.112E+07 4.50 1.000 1	74.5853653 1.31046605
 0.90 0.112E+07 4.50 10.000 1	64.2614746 2.26448560
 0.90 0.112E+07 4.50 2.125 1	68.7814941 1.88707125
 0.90 0.112E+07 4.50 3.250 1	66.4244080 1.88707125
 0.90 0.112E+07 4.50 4.375 1	68.1347427 1.88707125
 0.90 0.112E+07 4.50 5.500 1	64.6346436 1.57255936
 0.90 0.112E+07 4.50 6.625 1	61.3367500 1.57255936
 0.90 0.112E+07 4.50 7.750 1	59.8429489 1.57255936
 0.90 0.112E+07 4.50 8.875 1	62.0777435 1.88707125
 0.90 0.112E+07 6.25 1.000 1	68.4904861 1.31046605
 0.90 0.112E+07 6.25 10.000 1	53.9190292 2.71738291
 0.90 0.112E+07 6.25 2.125 1	66.5611954 2.26448560
 0.90 0.112E+07 6.25 3.250 1	61.2558212 1.57255936
 0.90 0.112E+07 6.25 4.375 1	63.8567886 2.71738291
 0.90 0.112E+07 6.25 5.500 1	60.2715340 2.26448560
 0.90 0.112E+07 6.25 6.625 1	59.6994095 3.26085973
 0.90 0.112E+07 6.25 7.750 1	56.5972748 1.88707125
 0.90 0.112E+07 6.25 8.875 1	54.1305389 1.88707125
 0.90 0.112E+07 8.00 1.000 1	68.0278931 1.57255936
 0.90 0.112E+07 8.00 10.000 1	54.3321037 1.57255936
 0.90 0.112E+07 8.00 2.125 1	66.1148987 1.88707125
 0.90 0.112E+07 8.00 3.250 1	60.3148918 1.88707125
 0.90 0.112E+07 8.00 4.375 1	57.4828835 2.71738291
 0.90 0.112E+07 8.00 5.500 1	53.2236176 1.88707125
 0.90 0.112E+07 8.00 6.625 1	52.9586678 2.71738291
 0.90 0.112E+07 8.00 7.750 1	51.5122604 2.71738291
 0.90 0.112E+07 8.00 8.875 1	52.0387306 1.57255936
 0.90 0.112E+07 9.75 1.000 1	69.7619934 1.57255936
 0.90 0.112E+07 9.75 10.000 1	60.0956230 1.88707125
 0.90 0.112E+07 9.75 2.125 1	63.7453613 2.26448560
 0.90 0.112E+07 9.75 3.250 1	55.2608833 1.88707125
 0.90 0.112E+07 9.75 4.375 1	52.2728004 1.57255936
 0.90 0.112E+07 9.75 5.500 1	52.1287231 2.71738291
 0.90 0.112E+07 9.75 6.625 1	53.2835922 1.88707125
 0.90 0.112E+07 9.75 7.750 1	56.0149765 1.88707125
 0.90 0.112E+07 9.75 8.875 1	57.0935440 1.88707125
 0.90 0.131E+07 1.00 1.000 1	66.2720642 1.88707125
 0.90 0.131E+07 1.00 10.000 1	67.7850952 1.88707125
 0.90 0.131E+07 1.00 2.125 1	66.8737106 2.26448560
 0.90 0.131E+07 1.00 3.250 1	67.1650543 1.88707125
 0.90 0.131E+07 1.00 4.375 1	67.8953934 1.88707125
 0.90 0.131E+07 1.00 5.500 1	66.7393875 1.57255936
 0.90 0.131E+07 1.00 6.625 1	66.8903427 2.71738291
 0.90 0.131E+07 1.00 7.750 1	67.3408279 2.26448560
 0.90 0.131E+07 1.00 8.875 1	67.2117310 1.88707125
 0.90 0.131E+07 11.50 1.000 1	61.9651222 1.88707125
 0.90 0.131E+07 11.50 10.000 1	106.098099 1.88707125
 0.90 0.131E+07 11.50 2.125 1	65.7662201 2.71738291
 0.90 0.131E+07 11.50 3.250 1	64.3873749 1.57255936
 0.90 0.131E+07 11.50 4.375 1	67.0557404 1.31046605
 0.90 0.131E+07 11.50 5.500 1	70.6244736 1.57255936
 0.90 0.131E+07 11.50 6.625 1	77.8924332 1.57255936
 0.90 0.131E+07 11.50 7.750 1	85.2908859 1.57255936
 0.90 0.131E+07 11.50 8.875 1	95.9476089 1.57255936
 0.90 0.131E+07 13.25 1.000 1	63.3584938 1.88707125
 0.90 0.131E+07 13.25 10.000 1	144.875183 2.26448560
 0.90 0.131E+07 13.25 2.125 1	61.3816566 1.57255936
 0.90 0.131E+07 13.25 3.250 1	67.5601578 1.57255936
 0.90 0.131E+07 13.25 4.375 1	75.9970779 1.09205496
 0.90 0.131E+07 13.25 5.500 1	87.1817245 1.57255936
 0.90 0.131E+07 13.25 6.625 1	101.371208 1.57255936
 0.90 0.131E+07 13.25 7.750 1	113.412277 2.26448560
 0.90 0.131E+07 13.25 8.875 1	127.250801 1.57255936
 0.90 0.131E+07 15.00 1.000 1	68.0838470 1.88707125
 0.90 0.131E+07 15.00 10.000 1	202.960770 2.26448560
 0.90 0.131E+07 15.00 2.125 1	66.3170319 2.26448560
 0.90 0.131E+07 15.00 3.250 1	75.7309494 1.88707125
 0.90 0.131E+07 15.00 4.375 1	91.7774963 1.57255936
 0.90 0.131E+07 15.00 5.500 1	111.614143 1.88707125
 0.90 0.131E+07 15.00 6.625 1	128.571686 2.26448560
 0.90 0.131E+07 15.00 7.750 1	152.998062 2.26448560
 0.90 0.131E+07 15.00 8.875 1	179.711655 1.57255936
 0.90 0.131E+07 2.75 1.000 1	65.5932617 1.57255936
 0.90 0.131E+07 2.75 10.000 1	66.5805359 1.88707125
 0.90 0.131E+07 2.75 2.125 1	68.8110962 1.88707125
 0.90 0.131E+07 2.75 3.250 1	68.0986481 2.26448560
 0.90 0.131E+07 2.75 4.375 1	67.3508835 1.88707125
 0.90 0.131E+07 2.75 5.500 1	66.4156723 1.57255936
 0.90 0.131E+07 2.75 6.625 1	65.1157379 1.57255936
 0.90 0.131E+07 2.75 7.750 1	63.0822182 1.57255936
 0.90 0.131E+07 2.75 8.875 1	64.5416794 1.57255936
 0.90 0.131E+07 4.50 1.000 1	68.2804413 1.88707125
 0.90 0.131E+07 4.50 10.000 1	65.0949402 3.26085973
 0.90 0.131E+07 4.50 2.125 1	65.8116608 1.88707125
 0.90 0.131E+07 4.50 3.250 1	64.9452362 1.57255936
 0.90 0.131E+07 4.50 4.375 1	67.1123657 1.88707125
 0.90 0.131E+07 4.50 5.500 1	65.0574188 1.57255936
 0.90 0.131E+07 4.50 6.625 1	59.7510490 1.88707125
 0.90 0.131E+07 4.50 7.750 1	60.9396591 2.26448560
 0.90 0.131E+07 4.50 8.875 1	63.1170502 1.88707125
 0.90 0.131E+07 6.25 1.000 1	66.9142532 1.57255936
 0.90 0.131E+07 6.25 10.000 1	63.9494896 2.26448560
 0.90 0.131E+07 6.25 2.125 1	67.3757782 1.57255936
 0.90 0.131E+07 6.25 3.250 1	64.1630020 1.57255936
 0.90 0.131E+07 6.25 4.375 1	59.1053696 1.31046605
 0.90 0.131E+07 6.25 5.500 1	66.6856766 1.31046605
 0.90 0.131E+07 6.25 6.625 1	65.8058014 2.26448560
 0.90 0.131E+07 6.25 7.750 1	66.1922836 2.26448560
 0.90 0.131E+07 6.25 8.875 1	63.5196114 1.88707125
 0.90 0.131E+07 8.00 1.000 1	63.1301231 1.57255936
 0.90 0.131E+07 8.00 10.000 1	65.7315521 1.57255936
 0.90 0.131E+07 8.00 2.125 1	66.8807297 1.57255936
 0.90 0.131E+07 8.00 3.250 1	68.5841064 1.88707125
 0.90 0.131E+07 8.00 4.375 1	62.1677170 1.88707125
 0.90 0.131E+07 8.00 5.500 1	63.6389503 1.57255936
 0.90 0.131E+07 8.00 6.625 1	63.0751610 2.71738291
 0.90 0.131E+07 8.00 7.750 1	63.3581276 1.57255936
 0.90 0.131E+07 8.00 8.875 1	65.2573471 1.88707125
 0.90 0.131E+07 9.75 1.000 1	67.5988312 1.57255936
 0.90 0.131E+07 9.75 10.000 1	79.9902496 1.88707125
 0.90 0.131E+07 9.75 2.125 1	67.9682617 2.26448560
 0.90 0.131E+07 9.75 3.250 1	64.5686417 1.88707125
 0.90 0.131E+07 9.75 4.375 1	63.9225578 2.26448560
 0.90 0.131E+07 9.75 5.500 1	63.7547989 1.88707125
 0.90 0.131E+07 9.75 6.625 1	66.8506927 1.88707125
 0.90 0.131E+07 9.75 7.750 1	68.5521774 1.57255936
 0.90 0.131E+07 9.75 8.875 1	73.8851471 1.57255936
 0.90 0.150E+07 1.00 1.000 1	60.7151871 1.57255936
 0.90 0.150E+07 1.00 10.000 1	64.1668854 1.88707125
 0.90 0.150E+07 1.00 2.125 1	61.6038628 1.88707125
 0.90 0.150E+07 1.00 3.250 1	61.9063606 1.88707125
 0.90 0.150E+07 1.00 4.375 1	66.2957230 1.88707125
 0.90 0.150E+07 1.00 5.500 1	64.6688309 2.26448560
 0.90 0.150E+07 1.00 6.625 1	64.6793671 1.57255936
 0.90 0.150E+07 1.00 7.750 1	65.6965637 2.26448560
 0.90 0.150E+07 1.00 8.875 1	64.8763199 1.31046605
 0.90 0.150E+07 11.50 1.000 1	69.5956879 2.26448560
 0.90 0.150E+07 11.50 10.000 1	126.873871 1.57255936
 0.90 0.150E+07 11.50 2.125 1	72.8727951 1.88707125
 0.90 0.150E+07 11.50 3.250 1	76.0219879 2.71738291
 0.90 0.150E+07 11.50 4.375 1	81.0021820 1.88707125
 0.90 0.150E+07 11.50 5.500 1	87.5959320 1.57255936
 0.90 0.150E+07 11.50 6.625 1	96.0662537 1.88707125
 0.90 0.150E+07 11.50 7.750 1	107.250572 1.88707125
 0.90 0.150E+07 11.50 8.875 1	115.706955 1.57255936
 0.90 0.150E+07 13.25 1.000 1	69.5048141 1.57255936
 0.90 0.150E+07 13.25 10.000 1	169.350006 2.26448560
 0.90 0.150E+07 13.25 2.125 1	75.1844482 1.57255936
 0.90 0.150E+07 13.25 3.250 1	83.6131516 1.88707125
 0.90 0.150E+07 13.25 4.375 1	92.6078339 1.57255936
 0.90 0.150E+07 13.25 5.500 1	106.974304 1.88707125
 0.90 0.150E+07 13.25 6.625 1	121.117630 1.88707125
 0.90 0.150E+07 13.25 7.750 1	135.441101 1.88707125
 0.90 0.150E+07 13.25 8.875 1	150.368607 1.88707125
 0.90 0.150E+07 15.00 1.000 1	73.7712326 2.26448560
 0.90 0.150E+07 15.00 10.000 1	225.008514 2.26448560
 0.90 0.150E+07 15.00 2.125 1	79.1833115 1.57255936
 0.90 0.150E+07 15.00 3.250 1	93.8585587 1.88707125
 0.90 0.150E+07 15.00 4.375 1	111.290298 1.88707125
 0.90 0.150E+07 15.00 5.500 1	127.422913 1.57255936
 0.90 0.150E+07 15.00 6.625 1	152.467331 2.26448560
 0.90 0.150E+07 15.00 7.750 1	180.041641 2.71738291
 0.90 0.150E+07 15.00 8.875 1	204.535645 3.26085973
 0.90 0.150E+07 2.75 1.000 1	63.5742302 1.88707125
 0.90 0.150E+07 2.75 10.000 1	67.3018723 1.88707125
 0.90 0.150E+07 2.75 2.125 1	65.9785156 1.57255936
 0.90 0.150E+07 2.75 3.250 1	66.4679337 1.88707125
 0.90 0.150E+07 2.75 4.375 1	64.7570877 1.88707125
 0.90 0.150E+07 2.75 5.500 1	65.8059845 1.88707125
 0.90 0.150E+07 2.75 6.625 1	66.1541977 1.31046605
 0.90 0.150E+07 2.75 7.750 1	66.0459213 1.88707125
 0.90 0.150E+07 2.75 8.875 1	66.5312271 1.57255936
 0.90 0.150E+07 4.50 1.000 1	65.4685974 1.88707125
 0.90 0.150E+07 4.50 10.000 1	66.3912354 1.88707125
 0.90 0.150E+07 4.50 2.125 1	65.0011063 2.71738291
 0.90 0.150E+07 4.50 3.250 1	64.5735779 1.88707125
 0.90 0.150E+07 4.50 4.375 1	66.9299622 1.57255936
 0.90 0.150E+07 4.50 5.500 1	69.5803299 1.88707125
 0.90 0.150E+07 4.50 6.625 1	63.2350578 1.57255936
 0.90 0.150E+07 4.50 7.750 1	62.6738396 1.88707125
 0.90 0.150E+07 4.50 8.875 1	63.5484657 1.31046605
 0.90 0.150E+07 6.25 1.000 1	65.0564346 1.88707125
 0.90 0.150E+07 6.25 10.000 1	71.6820984 1.57255936
 0.90 0.150E+07 6.25 2.125 1	67.9518127 1.88707125
 0.90 0.150E+07 6.25 3.250 1	66.2726746 2.26448560
 0.90 0.150E+07 6.25 4.375 1	65.5458450 1.57255936
 0.90 0.150E+07 6.25 5.500 1	70.8724899 1.57255936
 0.90 0.150E+07 6.25 6.625 1	71.4058609 2.26448560
 0.90 0.150E+07 6.25 7.750 1	72.2277603 2.26448560
 0.90 0.150E+07 6.25 8.875 1	71.5656586 2.26448560
 0.90 0.150E+07 8.00 1.000 1	66.5895615 1.57255936
 0.90 0.150E+07 8.00 10.000 1	81.5622940 1.88707125
 0.90 0.150E+07 8.00 2.125 1	62.2199554 2.26448560
 0.90 0.150E+07 8.00 3.250 1	68.3722763 1.57255936
 0.90 0.150E+07 8.00 4.375 1	70.1497498 2.26448560
 0.90 0.150E+07 8.00 5.500 1	72.4337769 2.71738291
 0.90 0.150E+07 8.00 6.625 1	73.4099121 1.88707125
 0.90 0.150E+07 8.00 7.750 1	75.4736557 3.26085973
 0.90 0.150E+07 8.00 8.875 1	79.0701065 1.88707125
 0.90 0.150E+07 9.75 1.000 1	68.9498901 2.26448560
 0.90 0.150E+07 9.75 10.000 1	95.7206039 1.57255936
 0.90 0.150E+07 9.75 2.125 1	68.7767334 1.57255936
 0.90 0.150E+07 9.75 3.250 1	73.5651398 2.26448560
 0.90 0.150E+07 9.75 4.375 1	75.6966400 0.758371413
 0.90 0.150E+07 9.75 5.500 1	78.1558380 1.88707125
 0.90 0.150E+07 9.75 6.625 1	81.7803421 1.57255936
 0.90 0.150E+07 9.75 7.750 1	85.6997604 1.57255936
 0.90 0.150E+07 9.75 8.875 1	91.6206894 2.26448560
 0.90 0.188E+06 1.00 1.000 1	532.600098 1.31046605
 0.90 0.188E+06 1.00 10.000 1	522.812500 1.31046605
 0.90 0.188E+06 1.00 2.125 1	520.254395 1.31046605
 0.90 0.188E+06 1.00 3.250 1	532.011047 1.09205496
 0.90 0.188E+06 1.00 4.375 1	522.998901 1.57255936
 0.90 0.188E+06 1.00 5.500 1	518.248718 1.88707125
 0.90 0.188E+06 1.00 6.625 1	526.968445 1.31046605
 0.90 0.188E+06 1.00 7.750 1	521.826355 1.31046605
 0.90 0.188E+06 1.00 8.875 1	520.414307 1.31046605
 0.90 0.188E+06 11.50 1.000 1	234.841217 1.31046605
 0.90 0.188E+06 11.50 10.000 1	27.5826416 2.71738291
 0.90 0.188E+06 11.50 2.125 1	124.937469 2.26448560
 0.90 0.188E+06 11.50 3.250 1	91.5807571 1.88707125
 0.90 0.188E+06 11.50 4.375 1	71.6963196 1.88707125
 0.90 0.188E+06 11.50 5.500 1	57.0060387 2.26448560
 0.90 0.188E+06 11.50 6.625 1	45.3946877 2.26448560
 0.90 0.188E+06 11.50 7.750 1	36.5949860 2.71738291
 0.90 0.188E+06 11.50 8.875 1	30.7271748 2.71738291
 0.90 0.188E+06 13.25 1.000 1	178.768204 1.31046605
 0.90 0.188E+06 13.25 10.000 1	32.6872063 2.71738291
 0.90 0.188E+06 13.25 2.125 1	98.4477539 2.26448560
 0.90 0.188E+06 13.25 3.250 1	68.5952835 2.26448560
 0.90 0.188E+06 13.25 4.375 1	48.5096931 1.88707125
 0.90 0.188E+06 13.25 5.500 1	36.2634926 2.26448560
 0.90 0.188E+06 13.25 6.625 1	29.8435860 2.71738291
 0.90 0.188E+06 13.25 7.750 1	26.7457771 2.26448560
 0.90 0.188E+06 13.25 8.875 1	28.3999386 3.26085973
 0.90 0.188E+06 15.00 1.000 1	141.669861 2.26448560
 0.90 0.188E+06 15.00 10.000 1	57.4992332 2.71738291
 0.90 0.188E+06 15.00 2.125 1	77.2105865 2.26448560
 0.90 0.188E+06 15.00 3.250 1	48.8370552 2.26448560
 0.90 0.188E+06 15.00 4.375 1	32.7375450 3.26085973
 0.90 0.188E+06 15.00 5.500 1	26.7310467 2.71738291
 0.90 0.188E+06 15.00 6.625 1	29.7113876 3.26085973
 0.90 0.188E+06 15.00 7.750 1	35.0767632 2.71738291
 0.90 0.188E+06 15.00 8.875 1	46.1594963 2.71738291
 0.90 0.188E+06 2.75 1.000 1	525.009644 1.57255936
 0.90 0.188E+06 2.75 10.000 1	384.491272 0.910045743
 0.90 0.188E+06 2.75 2.125 1	510.720215 1.31046605
 0.90 0.188E+06 2.75 3.250 1	500.506134 0.910045743
 0.90 0.188E+06 2.75 4.375 1	487.447601 1.09205496
 0.90 0.188E+06 2.75 5.500 1	472.590393 1.31046605
 0.90 0.188E+06 2.75 6.625 1	458.124298 0.758371413
 0.90 0.188E+06 2.75 7.750 1	440.563477 0.631976128
 0.90 0.188E+06 2.75 8.875 1	405.434448 0.910045743
 0.90 0.188E+06 4.50 1.000 1	507.746063 0.910045743
 0.90 0.188E+06 4.50 10.000 1	193.358444 1.88707125
 0.90 0.188E+06 4.50 2.125 1	471.477051 1.57255936
 0.90 0.188E+06 4.50 3.250 1	410.231964 0.910045743
 0.90 0.188E+06 4.50 4.375 1	327.984528 1.57255936
 0.90 0.188E+06 4.50 5.500 1	296.107880 1.31046605
 0.90 0.188E+06 4.50 6.625 1	262.625549 2.26448560
 0.90 0.188E+06 4.50 7.750 1	233.762421 0.631976128
 0.90 0.188E+06 4.50 8.875 1	211.611740 1.09205496
 0.90 0.188E+06 6.25 1.000 1	468.533417 0.631976128
 0.90 0.188E+06 6.25 10.000 1	114.296272 2.26448560
 0.90 0.188E+06 6.25 2.125 1	332.471161 1.88707125
 0.90 0.188E+06 6.25 3.250 1	259.846375 1.57255936
 0.90 0.188E+06 6.25 4.375 1	208.180969 1.88707125
 0.90 0.188E+06 6.25 5.500 1	171.934448 0.758371413
 0.90 0.188E+06 6.25 6.625 1	148.683960 1.57255936
 0.90 0.188E+06 6.25 7.750 1	129.760880 1.88707125
 0.90 0.188E+06 6.25 8.875 1	124.021843 2.26448560
 0.90 0.188E+06 8.00 1.000 1	409.873566 1.09205496
 0.90 0.188E+06 8.00 10.000 1	76.0373993 2.26448560
 0.90 0.188E+06 8.00 2.125 1	244.260193 1.88707125
 0.90 0.188E+06 8.00 3.250 1	168.448669 1.57255936
 0.90 0.188E+06 8.00 4.375 1	134.931122 1.88707125
 0.90 0.188E+06 8.00 5.500 1	117.080498 1.88707125
 0.90 0.188E+06 8.00 6.625 1	100.743858 1.88707125
 0.90 0.188E+06 8.00 7.750 1	90.4423752 1.57255936
 0.90 0.188E+06 8.00 8.875 1	83.0845947 1.88707125
 0.90 0.188E+06 9.75 1.000 1	308.481171 1.31046605
 0.90 0.188E+06 9.75 10.000 1	44.1340561 2.26448560
 0.90 0.188E+06 9.75 2.125 1	163.527084 1.88707125
 0.90 0.188E+06 9.75 3.250 1	123.030663 2.26448560
 0.90 0.188E+06 9.75 4.375 1	98.7765732 2.26448560
 0.90 0.188E+06 9.75 5.500 1	83.5274658 2.26448560
 0.90 0.188E+06 9.75 6.625 1	71.7469559 2.26448560
 0.90 0.188E+06 9.75 7.750 1	61.9009323 2.26448560
 0.90 0.188E+06 9.75 8.875 1	51.4300385 1.88707125
 0.90 0.375E+06 1.00 1.000 1	278.439484 0.910045743
 0.90 0.375E+06 1.00 10.000 1	264.487030 1.31046605
 0.90 0.375E+06 1.00 2.125 1	277.401978 0.758371413
 0.90 0.375E+06 1.00 3.250 1	276.931030 1.09205496
 0.90 0.375E+06 1.00 4.375 1	275.995789 1.31046605
 0.90 0.375E+06 1.00 5.500 1	266.944427 1.09205496
 0.90 0.375E+06 1.00 6.625 1	270.674744 1.31046605
 0.90 0.375E+06 1.00 7.750 1	271.285156 1.31046605
 0.90 0.375E+06 1.00 8.875 1	272.266052 0.910045743
 0.90 0.375E+06 11.50 1.000 1	140.852448 2.26448560
 0.90 0.375E+06 11.50 10.000 1	26.6017475 2.26448560
 0.90 0.375E+06 11.50 2.125 1	75.9658813 2.26448560
 0.90 0.375E+06 11.50 3.250 1	53.7461166 2.26448560
 0.90 0.375E+06 11.50 4.375 1	40.5532532 2.71738291
 0.90 0.375E+06 11.50 5.500 1	31.7081203 2.26448560
 0.90 0.375E+06 11.50 6.625 1	28.0428028 2.26448560
 0.90 0.375E+06 11.50 7.750 1	26.8383179 2.26448560
 0.90 0.375E+06 11.50 8.875 1	25.6252766 2.26448560
 0.90 0.375E+06 13.25 1.000 1	105.124161 2.26448560
 0.90 0.375E+06 13.25 10.000 1	42.3017807 2.71738291
 0.90 0.375E+06 13.25 2.125 1	56.7378159 2.26448560
 0.90 0.375E+06 13.25 3.250 1	38.9399109 2.26448560
 0.90 0.375E+06 13.25 4.375 1	29.2365227 1.88707125
 0.90 0.375E+06 13.25 5.500 1	26.1274509 2.26448560
 0.90 0.375E+06 13.25 6.625 1	25.6113682 2.71738291
 0.90 0.375E+06 13.25 7.750 1	26.7850380 2.71738291
 0.90 0.375E+06 13.25 8.875 1	33.4749985 3.26085973
 0.90 0.375E+06 15.00 1.000 1	84.8853836 1.88707125
 0.90 0.375E+06 15.00 10.000 1	79.1417618 2.26448560
 0.90 0.375E+06 15.00 2.125 1	43.5739784 2.26448560
 0.90 0.375E+06 15.00 3.250 1	29.4896183 2.26448560
 0.90 0.375E+06 15.00 4.375 1	25.5645752 1.88707125
 0.90 0.375E+06 15.00 5.500 1	26.4702606 2.26448560
 0.90 0.375E+06 15.00 6.625 1	35.1653557 2.71738291
 0.90 0.375E+06 15.00 7.750 1	46.5867958 3.26085973
 0.90 0.375E+06 15.00 8.875 1	61.4165535 1.88707125
 0.90 0.375E+06 2.75 1.000 1	265.859528 1.09205496
 0.90 0.375E+06 2.75 10.000 1	208.654633 1.57255936
 0.90 0.375E+06 2.75 2.125 1	264.292023 1.09205496
 0.90 0.375E+06 2.75 3.250 1	258.702301 1.57255936
 0.90 0.375E+06 2.75 4.375 1	246.639099 1.09205496
 0.90 0.375E+06 2.75 5.500 1	237.350327 1.31046605
 0.90 0.375E+06 2.75 6.625 1	230.515549 1.57255936
 0.90 0.375E+06 2.75 7.750 1	226.416122 1.31046605
 0.90 0.375E+06 2.75 8.875 1	219.208160 1.57255936
 0.90 0.375E+06 4.50 1.000 1	264.641937 0.910045743
 0.90 0.375E+06 4.50 10.000 1	110.175262 1.88707125
 0.90 0.375E+06 4.50 2.125 1	233.872986 1.57255936
 0.90 0.375E+06 4.50 3.250 1	212.688934 1.31046605
 0.90 0.375E+06 4.50 4.375 1	182.897675 1.88707125
 0.90 0.375E+06 4.50 5.500 1	176.213043 2.26448560
 0.90 0.375E+06 4.50 6.625 1	157.884613 1.88707125
 0.90 0.375E+06 4.50 7.750 1	140.533676 1.88707125
 0.90 0.375E+06 4.50 8.875 1	119.016068 2.26448560
 0.90 0.375E+06 6.25 1.000 1	234.824860 1.31046605
 0.90 0.375E+06 6.25 10.000 1	64.7926636 2.71738291
 0.90 0.375E+06 6.25 2.125 1	186.052734 1.31046605
 0.90 0.375E+06 6.25 3.250 1	158.061295 1.88707125
 0.90 0.375E+06 6.25 4.375 1	122.964622 1.88707125
 0.90 0.375E+06 6.25 5.500 1	94.5003433 1.88707125
 0.90 0.375E+06 6.25 6.625 1	86.9362793 2.26448560
 0.90 0.375E+06 6.25 7.750 1	78.0832520 2.26448560
 0.90 0.375E+06 6.25 8.875 1	70.9037933 2.71738291
 0.90 0.375E+06 8.00 1.000 1	213.179779 1.31046605
 0.90 0.375E+06 8.00 10.000 1	42.0314178 2.26448560
 0.90 0.375E+06 8.00 2.125 1	145.223572 1.88707125
 0.90 0.375E+06 8.00 3.250 1	97.2685165 1.88707125
 0.90 0.375E+06 8.00 4.375 1	79.9988403 2.26448560
 0.90 0.375E+06 8.00 5.500 1	67.2138672 2.26448560
 0.90 0.375E+06 8.00 6.625 1	56.9348068 2.71738291
 0.90 0.375E+06 8.00 7.750 1	53.0490303 2.26448560
 0.90 0.375E+06 8.00 8.875 1	46.4029274 2.26448560
 0.90 0.375E+06 9.75 1.000 1	185.781250 1.88707125
 0.90 0.375E+06 9.75 10.000 1	27.2635593 1.88707125
 0.90 0.375E+06 9.75 2.125 1	95.7969208 2.26448560
 0.90 0.375E+06 9.75 3.250 1	72.1703949 2.71738291
 0.90 0.375E+06 9.75 4.375 1	56.6395569 2.26448560
 0.90 0.375E+06 9.75 5.500 1	47.0100746 2.26448560
 0.90 0.375E+06 9.75 6.625 1	40.3421097 2.26448560
 0.90 0.375E+06 9.75 7.750 1	34.1887474 2.26448560
 0.90 0.375E+06 9.75 8.875 1	30.6400528 2.26448560
 0.90 0.562E+06 1.00 1.000 1	165.256439 1.57255936
 0.90 0.562E+06 1.00 10.000 1	165.861237 1.09205496
 0.90 0.562E+06 1.00 2.125 1	174.099915 1.31046605
 0.90 0.562E+06 1.00 3.250 1	175.450409 1.57255936
 0.90 0.562E+06 1.00 4.375 1	172.638870 1.31046605
 0.90 0.562E+06 1.00 5.500 1	168.085907 1.31046605
 0.90 0.562E+06 1.00 6.625 1	169.905609 1.88707125
 0.90 0.562E+06 1.00 7.750 1	169.819061 1.31046605
 0.90 0.562E+06 1.00 8.875 1	171.143982 1.09205496
 0.90 0.562E+06 11.50 1.000 1	103.839462 1.88707125
 0.90 0.562E+06 11.50 10.000 1	32.8331490 2.26448560
 0.90 0.562E+06 11.50 2.125 1	54.8896751 2.71738291
 0.90 0.562E+06 11.50 3.250 1	40.2897301 2.71738291
 0.90 0.562E+06 11.50 4.375 1	34.1142311 2.26448560
 0.90 0.562E+06 11.50 5.500 1	28.3571529 2.26448560
 0.90 0.562E+06 11.50 6.625 1	26.3653889 1.88707125
 0.90 0.562E+06 11.50 7.750 1	27.4425411 2.26448560
 0.90 0.562E+06 11.50 8.875 1	29.5048428 2.26448560
 0.90 0.562E+06 13.25 1.000 1	81.5707397 2.26448560
 0.90 0.562E+06 13.25 10.000 1	57.7354202 3.26085973
 0.90 0.562E+06 13.25 2.125 1	44.3115234 2.26448560
 0.90 0.562E+06 13.25 3.250 1	33.5084152 2.26448560
 0.90 0.562E+06 13.25 4.375 1	26.9495316 2.26448560
 0.90 0.562E+06 13.25 5.500 1	27.8459549 2.26448560
 0.90 0.562E+06 13.25 6.625 1	31.7066002 2.26448560
 0.90 0.562E+06 13.25 7.750 1	37.3598404 2.71738291
 0.90 0.562E+06 13.25 8.875 1	43.8881035 2.26448560
 0.90 0.562E+06 15.00 1.000 1	61.7254753 1.88707125
 0.90 0.562E+06 15.00 10.000 1	105.604271 2.26448560
 0.90 0.562E+06 15.00 2.125 1	35.8579788 2.26448560
 0.90 0.562E+06 15.00 3.250 1	26.8724594 2.26448560
 0.90 0.562E+06 15.00 4.375 1	28.7795391 2.26448560
 0.90 0.562E+06 15.00 5.500 1	34.9046783 2.26448560
 0.90 0.562E+06 15.00 6.625 1	47.4389992 3.26085973
 0.90 0.562E+06 15.00 7.750 1	64.6547775 2.71738291
 0.90 0.562E+06 15.00 8.875 1	82.9554520 1.57255936
 0.90 0.562E+06 2.75 1.000 1	167.432312 1.57255936
 0.90 0.562E+06 2.75 10.000 1	133.613388 1.57255936
 0.90 0.562E+06 2.75 2.125 1	166.168594 1.57255936
 0.90 0.562E+06 2.75 3.250 1	163.714523 1.88707125
 0.90 0.562E+06 2.75 4.375 1	153.442291 1.57255936
 0.90 0.562E+06 2.75 5.500 1	148.948273 1.57255936
 0.90 0.562E+06 2.75 6.625 1	147.066681 1.57255936
 0.90 0.562E+06 2.75 7.750 1	143.256363 1.57255936
 0.90 0.562E+06 2.75 8.875 1	139.891022 1.09205496
 0.90 0.562E+06 4.50 1.000 1	164.854706 1.57255936
 0.90 0.562E+06 4.50 10.000 1	82.9305267 1.57255936
 0.90 0.562E+06 4.50 2.125 1	147.419586 1.31046605
 0.90 0.562E+06 4.50 3.250 1	137.247238 1.57255936
 0.90 0.562E+06 4.50 4.375 1	126.842026 0.910045743
 0.90 0.562E+06 4.50 5.500 1	118.130867 1.88707125
 0.90 0.562E+06 4.50 6.625 1	109.541336 1.88707125
 0.90 0.562E+06 4.50 7.750 1	101.744141 2.26448560
 0.90 0.562E+06 4.50 8.875 1	90.3494415 2.26448560
 0.90 0.562E+06 6.25 1.000 1	149.501831 1.57255936
 0.90 0.562E+06 6.25 10.000 1	48.2261658 2.26448560
 0.90 0.562E+06 6.25 2.125 1	123.594566 1.88707125
 0.90 0.562E+06 6.25 3.250 1	108.012703 1.88707125
 0.90 0.562E+06 6.25 4.375 1	91.0140686 2.26448560
 0.90 0.562E+06 6.25 5.500 1	69.9663162 2.26448560
 0.90 0.562E+06 6.25 6.625 1	64.9548416 2.26448560
 0.90 0.562E+06 6.25 7.750 1	56.7437592 2.26448560
 0.90 0.562E+06 6.25 8.875 1	52.7002792 2.26448560
 0.90 0.562E+06 8.00 1.000 1	136.907043 1.88707125
 0.90 0.562E+06 8.00 10.000 1	34.1807518 2.26448560
 0.90 0.562E+06 8.00 2.125 1	101.116753 1.88707125
 0.90 0.562E+06 8.00 3.250 1	67.3414993 1.88707125
 0.90 0.562E+06 8.00 4.375 1	57.5679855 1.88707125
 0.90 0.562E+06 8.00 5.500 1	48.4236984 2.26448560
 0.90 0.562E+06 8.00 6.625 1	44.4418678 2.26448560
 0.90 0.562E+06 8.00 7.750 1	39.7013512 2.26448560
 0.90 0.562E+06 8.00 8.875 1	36.6005020 2.26448560
 0.90 0.562E+06 9.75 1.000 1	124.876701 1.09205496
 0.90 0.562E+06 9.75 10.000 1	25.8430729 1.88707125
 0.90 0.562E+06 9.75 2.125 1	70.6896973 2.71738291
 0.90 0.562E+06 9.75 3.250 1	50.6275024 2.26448560
 0.90 0.562E+06 9.75 4.375 1	42.3878098 1.88707125
 0.90 0.562E+06 9.75 5.500 1	37.0427895 2.26448560
 0.90 0.562E+06 9.75 6.625 1	33.2045555 2.26448560
 0.90 0.562E+06 9.75 7.750 1	29.2469959 2.26448560
 0.90 0.562E+06 9.75 8.875 1	26.9622078 1.88707125
 0.90 0.750E+06 1.00 1.000 1	108.789238 1.31046605
 0.90 0.750E+06 1.00 10.000 1	113.665237 1.57255936
 0.90 0.750E+06 1.00 2.125 1	116.971085 1.88707125
 0.90 0.750E+06 1.00 3.250 1	116.529472 1.57255936
 0.90 0.750E+06 1.00 4.375 1	118.706795 1.57255936
 0.90 0.750E+06 1.00 5.500 1	114.618462 1.57255936
 0.90 0.750E+06 1.00 6.625 1	116.455589 1.88707125
 0.90 0.750E+06 1.00 7.750 1	117.701851 2.26448560
 0.90 0.750E+06 1.00 8.875 1	114.876167 1.57255936
 0.90 0.750E+06 11.50 1.000 1	82.3982010 1.88707125
 0.90 0.750E+06 11.50 10.000 1	46.0857315 2.71738291
 0.90 0.750E+06 11.50 2.125 1	47.1280594 2.26448560
 0.90 0.750E+06 11.50 3.250 1	37.6329269 2.26448560
 0.90 0.750E+06 11.50 4.375 1	35.2998619 1.88707125
 0.90 0.750E+06 11.50 5.500 1	33.9410362 1.88707125
 0.90 0.750E+06 11.50 6.625 1	34.1842728 2.26448560
 0.90 0.750E+06 11.50 7.750 1	35.3401871 2.26448560
 0.90 0.750E+06 11.50 8.875 1	39.5593414 2.26448560
 0.90 0.750E+06 13.25 1.000 1	67.4940186 2.26448560
 0.90 0.750E+06 13.25 10.000 1	77.7512512 1.88707125
 0.90 0.750E+06 13.25 2.125 1	41.8234215 2.71738291
 0.90 0.750E+06 13.25 3.250 1	35.2026749 2.26448560
 0.90 0.750E+06 13.25 4.375 1	33.4968109 1.88707125
 0.90 0.750E+06 13.25 5.500 1	34.5681381 2.26448560
 0.90 0.750E+06 13.25 6.625 1	43.1319618 2.26448560
 0.90 0.750E+06 13.25 7.750 1	52.7695923 2.71738291
 0.90 0.750E+06 13.25 8.875 1	66.0625916 3.26085973
 0.90 0.750E+06 15.00 1.000 1	53.9004364 2.71738291
 0.90 0.750E+06 15.00 10.000 1	131.128830 3.26085973
 0.90 0.750E+06 15.00 2.125 1	36.3026772 1.88707125
 0.90 0.750E+06 15.00 3.250 1	33.7349091 1.88707125
 0.90 0.750E+06 15.00 4.375 1	37.3352242 1.88707125
 0.90 0.750E+06 15.00 5.500 1	49.8834686 2.26448560
 0.90 0.750E+06 15.00 6.625 1	67.9275360 2.26448560
 0.90 0.750E+06 15.00 7.750 1	85.9979782 2.71738291
 0.90 0.750E+06 15.00 8.875 1	109.303925 3.26085973
 0.90 0.750E+06 2.75 1.000 1	116.806740 1.88707125
 0.90 0.750E+06 2.75 10.000 1	97.8895416 1.88707125
 0.90 0.750E+06 2.75 2.125 1	113.399841 1.88707125
 0.90 0.750E+06 2.75 3.250 1	112.534714 1.57255936
 0.90 0.750E+06 2.75 4.375 1	107.667175 1.88707125
 0.90 0.750E+06 2.75 5.500 1	102.049965 1.88707125
 0.90 0.750E+06 2.75 6.625 1	103.652145 1.57255936
 0.90 0.750E+06 2.75 7.750 1	103.275047 1.57255936
 0.90 0.750E+06 2.75 8.875 1	99.0602570 1.57255936
 0.90 0.750E+06 4.50 1.000 1	113.067940 1.31046605
 0.90 0.750E+06 4.50 10.000 1	66.6305084 2.26448560
 0.90 0.750E+06 4.50 2.125 1	101.253426 1.57255936
 0.90 0.750E+06 4.50 3.250 1	97.3058090 1.31046605
 0.90 0.750E+06 4.50 4.375 1	91.6095428 1.88707125
 0.90 0.750E+06 4.50 5.500 1	91.5569916 1.88707125
 0.90 0.750E+06 4.50 6.625 1	85.5973511 2.71738291
 0.90 0.750E+06 4.50 7.750 1	76.4206848 2.26448560
 0.90 0.750E+06 4.50 8.875 1	74.1739426 2.26448560
 0.90 0.750E+06 6.25 1.000 1	103.227196 2.71738291
 0.90 0.750E+06 6.25 10.000 1	40.9093018 2.26448560
 0.90 0.750E+06 6.25 2.125 1	92.7318954 2.26448560
 0.90 0.750E+06 6.25 3.250 1	84.6796951 1.88707125
 0.90 0.750E+06 6.25 4.375 1	71.9209824 1.88707125
 0.90 0.750E+06 6.25 5.500 1	62.2663155 1.88707125
 0.90 0.750E+06 6.25 6.625 1	55.5643311 1.88707125
 0.90 0.750E+06 6.25 7.750 1	47.8098831 2.71738291
 0.90 0.750E+06 6.25 8.875 1	45.0329514 2.26448560
 0.90 0.750E+06 8.00 1.000 1	97.6158905 2.26448560
 0.90 0.750E+06 8.00 10.000 1	34.7652397 1.57255936
 0.90 0.750E+06 8.00 2.125 1	80.7298965 1.88707125
 0.90 0.750E+06 8.00 3.250 1	63.7206421 2.26448560
 0.90 0.750E+06 8.00 4.375 1	47.3094749 2.26448560
 0.90 0.750E+06 8.00 5.500 1	44.2741394 2.26448560
 0.90 0.750E+06 8.00 6.625 1	41.7357559 2.26448560
 0.90 0.750E+06 8.00 7.750 1	37.6331406 2.26448560
 0.90 0.750E+06 8.00 8.875 1	36.1916428 2.26448560
 0.90 0.750E+06 9.75 1.000 1	92.0647125 2.26448560
 0.90 0.750E+06 9.75 10.000 1	33.6523132 2.26448560
 0.90 0.750E+06 9.75 2.125 1	62.8434715 2.26448560
 0.90 0.750E+06 9.75 3.250 1	46.3208885 2.26448560
 0.90 0.750E+06 9.75 4.375 1	41.0723076 2.26448560
 0.90 0.750E+06 9.75 5.500 1	36.4258842 1.88707125
 0.90 0.750E+06 9.75 6.625 1	34.4638786 1.88707125
 0.90 0.750E+06 9.75 7.750 1	33.8375511 2.26448560
 0.90 0.750E+06 9.75 8.875 1	33.9394722 1.88707125
 0.90 0.938E+06 1.00 1.000 1	83.5851974 1.57255936
 0.90 0.938E+06 1.00 10.000 1	84.4646225 1.57255936
 0.90 0.938E+06 1.00 2.125 1	92.5956650 1.31046605
 0.90 0.938E+06 1.00 3.250 1	90.8564148 2.26448560
 0.90 0.938E+06 1.00 4.375 1	92.6562805 0.910045743
 0.90 0.938E+06 1.00 5.500 1	87.3194275 1.57255936
 0.90 0.938E+06 1.00 6.625 1	90.3168640 1.88707125
 0.90 0.938E+06 1.00 7.750 1	87.7383957 1.57255936
 0.90 0.938E+06 1.00 8.875 1	87.9748306 1.88707125
 0.90 0.938E+06 11.50 1.000 1	71.4672852 1.88707125
 0.90 0.938E+06 11.50 10.000 1	62.2329521 1.57255936
 0.90 0.938E+06 11.50 2.125 1	52.1125031 1.88707125
 0.90 0.938E+06 11.50 3.250 1	43.7206573 1.88707125
 0.90 0.938E+06 11.50 4.375 1	43.6167946 2.71738291
 0.90 0.938E+06 11.50 5.500 1	42.3051987 1.88707125
 0.90 0.938E+06 11.50 6.625 1	46.0308533 1.88707125
 0.90 0.938E+06 11.50 7.750 1	49.7882538 1.88707125
 0.90 0.938E+06 11.50 8.875 1	55.5458984 1.88707125
 0.90 0.938E+06 13.25 1.000 1	62.0783348 3.26085973
 0.90 0.938E+06 13.25 10.000 1	101.671082 2.26448560
 0.90 0.938E+06 13.25 2.125 1	44.2888031 1.57255936
 0.90 0.938E+06 13.25 3.250 1	43.4135246 1.88707125
 0.90 0.938E+06 13.25 4.375 1	44.7539978 1.57255936
 0.90 0.938E+06 13.25 5.500 1	49.3263359 1.88707125
 0.90 0.938E+06 13.25 6.625 1	58.4137154 1.88707125
 0.90 0.938E+06 13.25 7.750 1	73.1304779 1.88707125
 0.90 0.938E+06 13.25 8.875 1	87.0023422 2.26448560
 0.90 0.938E+06 15.00 1.000 1	55.5795021 2.26448560
 0.90 0.938E+06 15.00 10.000 1	154.698090 1.31046605
 0.90 0.938E+06 15.00 2.125 1	42.4496498 1.88707125
 0.90 0.938E+06 15.00 3.250 1	44.4913750 1.88707125
 0.90 0.938E+06 15.00 4.375 1	51.8099747 1.57255936
 0.90 0.938E+06 15.00 5.500 1	69.5818253 1.88707125
 0.90 0.938E+06 15.00 6.625 1	87.8286514 3.26085973
 0.90 0.938E+06 15.00 7.750 1	110.628510 2.71738291
 0.90 0.938E+06 15.00 8.875 1	130.962509 3.26085973
 0.90 0.938E+06 2.75 1.000 1	87.0060272 1.88707125
 0.90 0.938E+06 2.75 10.000 1	79.0036774 1.88707125
 0.90 0.938E+06 2.75 2.125 1	88.2954407 1.88707125
 0.90 0.938E+06 2.75 3.250 1	86.8702011 2.26448560
 0.90 0.938E+06 2.75 4.375 1	82.8982773 1.88707125
 0.90 0.938E+06 2.75 5.500 1	79.2709656 1.31046605
 0.90 0.938E+06 2.75 6.625 1	80.8284454 1.88707125
 0.90 0.938E+06 2.75 7.750 1	76.7338257 1.88707125
 0.90 0.938E+06 2.75 8.875 1	78.7935486 1.88707125
 0.90 0.938E+06 4.50 1.000 1	85.8095932 1.57255936
 0.90 0.938E+06 4.50 10.000 1	63.7907028 2.26448560
 0.90 0.938E+06 4.50 2.125 1	78.5393829 1.88707125
 0.90 0.938E+06 4.50 3.250 1	76.3388367 1.88707125
 0.90 0.938E+06 4.50 4.375 1	76.0215759 1.57255936
 0.90 0.938E+06 4.50 5.500 1	72.3032837 1.88707125
 0.90 0.938E+06 4.50 6.625 1	67.1312332 1.88707125
 0.90 0.938E+06 4.50 7.750 1	64.4875641 2.26448560
 0.90 0.938E+06 4.50 8.875 1	65.7621994 1.88707125
 0.90 0.938E+06 6.25 1.000 1	80.3746643 1.57255936
 0.90 0.938E+06 6.25 10.000 1	46.5101776 1.88707125
 0.90 0.938E+06 6.25 2.125 1	75.0900421 1.57255936
 0.90 0.938E+06 6.25 3.250 1	66.7673950 1.88707125
 0.90 0.938E+06 6.25 4.375 1	65.5767136 2.71738291
 0.90 0.938E+06 6.25 5.500 1	58.8958588 2.71738291
 0.90 0.938E+06 6.25 6.625 1	54.8792000 2.26448560
 0.90 0.938E+06 6.25 7.750 1	50.3086739 1.88707125
 0.90 0.938E+06 6.25 8.875 1	49.5281830 2.26448560
 0.90 0.938E+06 8.00 1.000 1	75.3079224 1.88707125
 0.90 0.938E+06 8.00 10.000 1	42.7658234 2.26448560
 0.90 0.938E+06 8.00 2.125 1	68.3466797 1.31046605
 0.90 0.938E+06 8.00 3.250 1	59.1306801 2.71738291
 0.90 0.938E+06 8.00 4.375 1	52.9091454 2.26448560
 0.90 0.938E+06 8.00 5.500 1	48.3358421 2.26448560
 0.90 0.938E+06 8.00 6.625 1	44.1341515 1.57255936
 0.90 0.938E+06 8.00 7.750 1	42.8194466 2.26448560
 0.90 0.938E+06 8.00 8.875 1	41.7607307 1.88707125
 0.90 0.938E+06 9.75 1.000 1	72.4920883 1.88707125
 0.90 0.938E+06 9.75 10.000 1	46.1841164 1.57255936
 0.90 0.938E+06 9.75 2.125 1	57.5571213 1.88707125
 0.90 0.938E+06 9.75 3.250 1	48.5925598 2.26448560
 0.90 0.938E+06 9.75 4.375 1	43.8225517 2.26448560
 0.90 0.938E+06 9.75 5.500 1	43.1607628 1.31046605
 0.90 0.938E+06 9.75 6.625 1	42.7232895 1.88707125
 0.90 0.938E+06 9.75 7.750 1	42.9665451 1.88707125
 0.90 0.938E+06 9.75 8.875 1	44.3094978 1.88707125
